0.5707241848526677
2.943804807755263E-4
8.312121154901697E-5
6.237286037685754E-4
1.22304235767349E-4
3.387276621980937E-4
2.7331542382521873E-4
9.810158112120013E-6
7.436936964134601E-4
4.1936866379913864E-4
0.0014060708087024784
0.027108823726518006
0.0011840944720976276
2.2912856798061533E-4
0.0041077921520263835
0.007370065755912036
0.006032631054036852
0.015912014952320707
0.1370757214178501
0.06617149374933595
0.08097535022883647
0.13270726591046308
0.28461351931009504
0.11884270833944321
0.022814578037029416
0.6995619331909535
0.18688023363246195
0.05942490076732861
0.0698186175831773
0.029269181396259662
0.03836411327111715
0.39871524356616267
0.3433604486610136
0.15208540817289765
0.17959801525632274
0.018492160112847152
0.002097844198339454
0.0030600264427386972
0.003491901361377948
0.006014885838434441
0.044517707365461574
0.02868916162432592
0.06255262645151051
0.2903218720494559
0.19281344424366528
0.0021331554343300336
0.09910353087778731
0.008341886988379914
0.06242204429156031
0.019838357109262808
0.10475703330422198
0.056288455918975376
0.13696113450544534
0.007906883284769938
0.08290058856048275
0.06189027530688543
0.20558543997651962
0.008747909608114491
0.014911259347834487
1.21312048908724E-5
0.08334100416906222
0.22378999895883042
0.04861679996584366
0.026332208513169107
0.07716283657895108
0.20884212444796937
0.22648185339051677
0.153920606045672
0.05992179486209758
0.1383211306983625
0.2454917631239866
0.016133871528008457
0.15948734658799962
0.15886909880332398
0.31671147850544856
0.15531904785687406
0.030863220939358563
0.41876776310365427
0.20832497190695304
0.003232692348299662
0.015358896162464426
0.021804085176266454
0.03694271292861743
0.11413326606450325
1.1802210425610105
0.14997625293053943
0.25861896499702725
0.11464263176037721
0.22255481871220995
0.1440386935247002
0.46564363414366367
0.3450448279427458
0.10845418259637588
0.34521397219499395
0.05918002942018829
0.4721669994515727
0.2743487587363239
0.5613502215807173
0.20306624824313052
0.16106708125486568
0.6197890435084009
0.5247798098987497
0.496496150416919
0.8990891253839106
0.0650678944855164
0.6093992341995185
0.7251162268689877
0.06160713070947484
0.6971212715709427
0.06376734977803056
0.5224404255584284
0.06820029672214727
0.36073905661862177
1.3392342751741364
0.19152910162544579
0.18752906686084456
0.5485762019126836
2.137883296978019
0.442132873146719
0.02196355521914775
0.5487490969924532
0.1315792973114906
0.1161993128608173
2.3805933045930585
0.024315798747243964
1.046356631172759
0.8748760683945587
0.6536315293055163
0.20685294989381484
0.3710880342439274
0.22150020052799557
1.9162644633487984
0.5464519422039988
0.37416681228409904
0.11873759339292773
0.5591379189906616
0.9887221551937442
0.925488329470151
0.703772608103263
1.4518068954637289
0.3190574757356547
0.5739550444869307
1.4004549415347853
0.822169640054139
0.09947542232738325
1.7900260254079605
0.6024401793853321
0.43582419145792406
1.9416621777019747
0.014979835633393822
1.2108746670186408
1.181591537774652
1.8232493577447604
0.5692168470485321
2.3924662047932927
1.4421688242113184
1.0640146918169346
0.3790174119034201
1.7303316891259561
0.2282905262927391
0.6702670149379388
3.0079066422600547
2.402824884583306
0.6050817576767483
0.10162307349837271
1.2211374700542008
1.6851460987074807
3.0079066422600547
3.0079066422600547
3.0079066422600547
1.7434275949093179
1.2644790473507364
3.0079066422600547
2.8484518768720886