0.5316225396478613
1.8851545184769467E-4
3.09753899296444E-5
1.257841653423487E-4
1.6713135959499386E-4
2.059173180381543E-5
1.562367160754083E-4
2.492202478337188E-4
2.8106258991579E-4
5.862852311445991E-4
0.001343142643357389
0.0017177072034916918
8.137910414050027E-4
4.99113271043598E-4
0.0023366807338768857
3.303486350410651E-4
0.006225399062514862
0.0037367942138947573
0.0051175883586302255
0.016449439461859845
0.0017217421688914304
0.022236491036677082
0.11621204582037531
0.041804547886497366
0.19860597731336238
0.02405732632831955
0.03062228026965106
0.004837844342116859
0.06850528649773925
0.11799960447700933
0.29937520808466894
0.6482290533359437
0.0455833774356645
1.6691717138805804
0.43189307238379426
0.081932677960682
1.000381154805311
0.3627753469773311
0.35593228350544953
0.17891288072190162
0.5310939929061593
0.24155333842348245
1.0094666138807116
0.5492275400509966
0.7654169370234388
0.2487896457186086
2.214755413723984
0.18571921465024455
0.8142825939944196
0.3665263045570606
0.09180221951287758
0.19473038923394612
0.3174525710672369
0.19266584545626472
1.065782857993982
0.3442329093432462
0.028637991078253773
1.4407974120896112
1.214224366348079
0.8105651148263561
1.0890706410956557
0.3657001785893109
0.8479662016295411
0.040727818377515476
0.11203887363332964
0.0959515638240774
0.2601910065176102
0.07992646355291767
0.6002665359619382
0.4942339111213445
0.2644799002944445
0.7437719542447687
0.3800317472470793
0.24908855904151345
0.21682201709833943
0.731709970911778
0.7718606196490976
0.8482005989556539
0.34459438570137224
1.4048402799728594
1.6221528523393387
0.5698979491346597
0.32324221075594795
0.014402260280196031
0.20602744736252496
0.9040398987506448
0.3610374311659235
0.6271860398120397
0.2622633880849525
1.243286790936001
0.29750597443861715
0.7303960298562383
0.191129277074879
0.7278695551665401
1.5731504219710308
0.4214342086409252
0.9488462294723221
0.247797904787795
0.8669556959709487
0.10906960865609748
0.45251982033282845
0.07166265743079964
0.27923442540575866
0.806798961529087
0.8551658510113779
0.13736135578024372
0.16867597571080295
1.0752949837243042
2.6410525912043386
0.33362294004304544
0.9446520628806837
0.2685718532829348
0.4045842330811866
0.003908446977280638
0.01402444900847829
0.8377196578070016
2.377058031927906
2.2274411533372116
0.7997951466074122
0.19341360438412974
0.6815340229437904
0.27194355013391647
0.03952543572421734
0.4915837472483163
0.08193986996422895
0.05243066535267684
5.526868940208441
0.5705558334083036
0.6405966038663318
0.6579956379449532
0.2257695963703769
1.537769758832534
0.8836545337815728
3.4904504966927563
0.6078610721503234
0.44696871041016745
0.0317650847243456
0.007379471082676473
3.236666981441883
1.7373204313133188
1.1922116724173035
0.7511887443828225
1.269194101392892
1.0122099850177675
5.122097009361857
0.18402642996363616
4.735640054397204
0.38331082053928045
1.0898290018745889
1.0106947889978077
7.403501095772517
3.6669898249556674
3.73651127081685
7.403501095772517
2.4143131655504932
1.6960143150957168
3.2931736151263076
7.403501095772517
1.1616365061453202
6.241864589627197
3.7889672766943803
3.5234936658182843
0.09104015325985215
1.82784865451771
5.575652441254807
6.059784283107493
1.3437168126650239
7.403501095772517
4.807107623702321
2.141763300459403
0.45463017161079233
7.403501095772517
3.554430964297149
3.8490701314753677
2.274957248488644
5.128543847283873
0.6724551033791841
1.3151730420034102
5.4158729503899234
1.0102514280191828
6.2230923820798365
4.029359650488641
20.33499980524559