0.6259282302827572
5.027153509866145E-4
5.809831801183639E-4
2.7142071791884666E-6
3.458037386223115E-4
0.0013216537942618016
0.0019813786756758102
9.537514430482601E-5
0.003934575635483624
0.002253363472922652
0.0014018386721200017
5.480696279000232E-4
6.383646595071068E-4
9.416940084334339E-4
0.0023256435313356305
6.089706798975128E-4
0.011668574786561971
0.011972744285963344
0.18319858550547777
0.10257093761445134
0.007629122194950425
0.11753698913536723
0.11591796305966322
0.09965368944107938
0.014296382012820534
8.012572050628413E-4
1.019791557377602E-4
3.697044573403373E-4
5.125357453293844E-4
0.0017950942330664885
1.2335569815294842E-5
0.0028837097453202143
0.03230631398350204
0.015583232884769782
0.008190404126858255
0.00971282233846486
0.004183655911382302
7.22878002222992E-4
0.013721415939268367
0.24276597203334035
6.97152724013148E-4
0.07589321102154276
0.13015095341293045
0.12349514728738578
0.015338922862626036
0.06443151337746936
0.40105310482097306
0.10029689239021981
0.03736470037531424
0.05275719594767684
0.05096371865162335
0.046384227230858166
0.05595419618148962
0.3718924314798544
0.03802471928750438
0.044150847641816794
0.10589773364137278
0.15663545143282667
0.059829095521123345
0.11191847108806266
0.01718066298480391
0.0959281472045754
0.23726497304219543
0.21381864802780998
0.13416698955608117
0.006724502986488287
0.03564709030120544
0.05232985859975635
0.2134551660153119
0.24835882366342557
0.007539449824182615
0.02955047437696982
0.07688513258254039
0.1434109850896275
0.003410720301342867
0.2192849959359315
0.028474522498316307
0.11782046816279992
0.3334001918321618
0.06892077328791014
0.19184141196596383
0.04290016105160149
0.009759028071947794
0.014284381181107456
0.13610995094084216
0.3472372304964246
0.042516294843520236
0.0037616522238278645
0.13639613607156503
0.20522258266871038
0.13989751960980318
0.15934287839803601
0.2864639493457364
0.19249578990186259
0.21299138350726335
0.1970592121375433
0.16300148282990962
0.1761126860839501
0.25433974883744775
0.11331003406305433
0.048561328337889946
0.02430683815952457
0.1492310571261387
0.09060400538078575
0.19942589070462216
0.09669648329233735
0.03030090962115868
0.02784677599658227
0.22737177628561459
0.0382207447751119
0.2268434262807489
0.15589541212301408
0.03974618245148564
0.16038253331275265
0.14259678693279218
0.457460738783001
0.07516542708479053
0.05961552077981569
0.13882732769970305
0.05050628698047215
0.05584862951532811
0.13981765310373845
0.044811639288517016
0.40250691068080335
0.5322805575209869
0.020875579349337373
0.25720730148233256
0.016337693751837887
0.0617851546657238
0.03704972087783339
0.1049483864350864
0.1162958999172429
0.18298341174872107
0.3880324694328202
0.07846631350817138
0.1290251429814538
0.07925313325825242
0.13713939350173732
0.035736731771364015
0.0026103950536818764
0.5506022034307555
0.16231941714940915
0.20830327136074167
0.04811483628843136
0.297120683908706
0.035793193791567195
0.007594133723048077
0.6300326994677256
0.04608761737748308
0.30221631674471344
0.1385920454226512
0.14530254951087113
0.03242824368311834
0.07006049784486337
0.03859522517100068
0.48525772449794974
0.10048124745704404
0.3772443459111421
0.023247926598515094
0.20736663844909567
0.8163787484017162
0.3949425064986081
0.209539362514309
0.6215518193199394
0.3433411787806914
0.6857587583933249
0.12972529097791705
0.1333230492750621
0.22562526196863572
0.2738882219956286
0.6587517609211598
0.5198880691262711
0.06531263834777949
0.3584233708974824
0.07553038862128066
0.5731598367694908
0.1868633188184209
0.4492840907068138
0.21694439684418168
0.16350638495141248
0.6685112115286905
0.678858919757278
0.2448923685861959
0.17997637419286788
0.07377550364377657
0.18480356916402088
0.21014219480800791
0.2610046410028978
0.3548153763237108
0.34600660605346983
0.06780514964523567
0.3306282481555542
0.32437501930607066
0.044846382044830574
0.6339751170263562
0.7076909496836329
0.20849504942997835
0.2764555294965614
0.3836300227394382
0.3770279378750908
0.29296233248042214
0.12499888178638735
0.3779459624085663
0.1441606104800374
0.5371923817764606
0.5163561136960971
0.4896030846736266
0.710686452706069
0.14767861245347605
0.24656632506024156
0.28993268235832287
0.37130350537658274
0.28688312621538387
0.09290438762248489
0.6626432225493843
0.4521766057165314
0.8285193288382737
0.02325117621543906
0.11868595065860521
0.6496837934230046
0.19188363986997645
1.4093684093425225
0.048167493659746305
1.6738755793706819
0.82828181088048
0.7927043490775564
0.7488314817056295
0.24435141191964288
4.336212126613737
1.8054613427808548
0.8973283486025487
1.5395890384351698
2.8211566408886166
2.4880496000064753
9.156049309234094
11.644098909240569
11.605445171159396